Enemy1_1 0 1 
Enemy2_1 1 4 2 5
Enemy2_2 3 10 4 12 8 15
Enemy3_1 5 15 6 15 3 17
Enemy3_2 7 20 8 20 7 20 8 20
Enemy4_1 9 19 0 22 3 27 9 28
Enemy4_2 10 26 2 30 0 28 10 29
Enemy4_3 12 30 3 32 14 33 1 35
Enemy5_1 5 37 7 39 9 40 12 42
Enemy5_2 16 42 18 46 17 50 0 49 2 50
Enemy5_3 20 55 0 55 2 50 9 55 12 60
Enemy6_1 5 57 10 54 8 60 9 60 11 60
Enemy6_2 7 60 12 62 18 65 9 61 17 63 16 64
Enemy6_3 12 66 14 66 17 66 1 66 2 66 4 66
Enemy7_1 0 70 1 70 2 70 0 70 1 70 2 70 20 70 21 70
Enemy7_2 10 75 12 77 13 76 14 77 15 78 16 79 17 80
Enemy7_3 19 80 18 80 4 80 7 80 1 80 9 80 5 80 12 80 14 80